1778987111.213494,0.000000,106699.964844,141019.203125
1778987111.254241,81.700000,106699.968750,141019.218750
1778987112.251986,102.000000,108414.828125,142734.078125
1778987113.253458,103.000000,108414.828125,142734.078125
1778987114.254831,96.000000,108414.828125,142734.078125
1778987115.254052,104.000000,108414.832031,142734.078125
1778987116.254947,104.000000,108414.832031,142734.078125
1778987117.253942,104.000000,108414.832031,142734.078125
1778987118.254079,104.000000,108414.835938,142734.078125
1778987119.250508,104.000000,108414.839844,142734.078125
1778987120.250694,104.000000,108414.839844,142734.078125
1778987121.248626,103.000000,108414.839844,142734.078125
1778987122.249654,103.000000,108414.839844,142734.078125
1778987123.249362,104.000000,108414.839844,142734.078125
1778987124.255182,103.000000,108414.839844,142734.078125
1778987125.250431,105.000000,108414.843750,142734.078125
1778987126.254772,103.000000,108414.843750,142734.078125
1778987127.249891,104.000000,108414.843750,142734.078125
1778987128.250713,104.000000,108414.843750,142734.078125
1778987129.254659,103.000000,108414.843750,142734.078125
1778987130.252067,103.000000,108414.847656,142734.078125
1778987131.251812,104.000000,108414.851562,142734.078125
1778987132.250048,104.000000,108414.851562,142734.078125
1778987133.257741,104.000000,108414.855469,142734.078125
1778987134.252452,104.000000,108414.855469,142734.078125
1778987135.253269,104.000000,108414.855469,142734.078125
1778987136.253675,103.000000,108414.855469,142734.078125
1778987137.253442,105.000000,108414.855469,142734.078125
1778987138.249458,103.000000,108414.855469,142734.078125
1778987139.252771,104.000000,108414.855469,142734.078125
1778987140.255643,103.000000,108414.859375,142734.078125
1778987141.250358,105.000000,108414.859375,142734.078125
1778987142.249769,103.000000,108414.859375,142734.078125
1778987143.249622,104.000000,108414.859375,142734.078125
1778987144.252682,103.000000,108414.859375,142734.078125
1778987145.250094,104.000000,108414.859375,142734.078125
1778987146.253093,103.000000,108414.863281,142734.078125
1778987147.249722,104.000000,108414.863281,142734.078125
1778987148.249675,104.000000,108414.863281,142734.078125
1778987149.249712,104.000000,108414.863281,142734.078125
1778987150.249794,103.000000,108414.867188,142734.078125
1778987151.249178,103.000000,108414.867188,142734.078125
1778987152.249300,104.000000,108414.875000,142734.078125
1778987153.249563,104.000000,108414.875000,142734.078125
1778987154.249162,103.000000,108414.875000,142734.078125
1778987155.253689,104.000000,108414.875000,142734.078125
1778987156.252896,103.000000,108414.875000,142734.078125
1778987157.249141,104.000000,108414.875000,142734.078125
1778987158.249077,103.000000,108414.875000,142734.078125
1778987159.253606,104.000000,108414.875000,142734.078125
1778987160.252614,104.000000,108414.875000,142734.078125
1778987161.249039,104.000000,108414.875000,142734.078125
1778987162.254831,104.000000,90113.000000,124432.750000
1778987163.252270,103.000000,94849.785156,129599.023438
1778987164.253661,104.000000,94879.105469,129599.023438
1778987165.253303,104.000000,95097.683594,131031.957031
1778987166.250300,104.000000,96467.808594,130787.308594
1778987166.643621,108.000000,92857.687500,127357.574219
