1778987167.062373,0.000000,95181.675781,129501.148438
1778987167.101270,108.800000,95181.679688,129501.164062
1778987168.102839,101.000000,96467.832031,130787.308594
1778987169.103996,104.000000,94324.261719,128643.734375
1778987170.103548,100.000000,94324.261719,128643.734375
1778987171.103682,98.000000,94324.261719,128643.734375
1778987172.101755,104.000000,94324.261719,128643.734375
1778987173.101903,104.000000,94324.261719,128643.734375
1778987174.100702,104.000000,92609.695312,128643.734375
1778987175.109553,104.000000,95255.539062,133463.277344
1778987176.101357,104.000000,90805.871094,127107.109375
1778987177.100379,103.000000,91417.144531,127535.824219
1778987178.100266,104.000000,91417.144531,127535.824219
1778987179.098637,103.000000,91417.144531,127535.824219
1778987180.098838,104.000000,91417.144531,127535.824219
1778987181.099489,102.000000,91417.144531,127535.824219
1778987182.100885,105.000000,91417.148438,127535.824219
1778987183.100382,103.000000,91417.148438,127535.824219
1778987184.099355,104.000000,91417.148438,127535.824219
1778987185.099338,103.000000,91417.148438,127535.824219
1778987186.100582,104.000000,91417.148438,127535.824219
1778987187.099079,104.000000,91417.148438,127535.824219
1778987188.103362,103.000000,91417.148438,127535.824219
1778987189.101611,104.000000,91417.152344,127535.824219
1778987190.100392,104.000000,91417.152344,127535.824219
1778987191.102759,103.000000,91417.152344,127535.824219
1778987192.099894,104.000000,91417.152344,127535.824219
1778987193.099968,104.000000,91417.152344,127535.824219
1778987194.098527,103.000000,91417.152344,127535.824219
1778987195.098804,104.000000,61379.011719,97550.804688
1778987196.101974,103.000000,59694.023438,93588.691406
1778987197.100161,104.000000,59694.023438,93588.691406
1778987198.099977,104.000000,59694.023438,93588.691406
1778987199.099639,104.000000,59694.023438,93588.691406
1778987200.102438,103.000000,59694.023438,93588.691406
1778987201.099440,104.000000,39384.281250,90294.578125
1778987202.100291,104.000000,44347.417969,78525.050781
1778987203.100511,103.000000,46148.968750,80043.898438
1778987204.103365,104.000000,46467.785156,80531.191406
1778987205.099988,104.000000,45710.046875,79985.320312
1778987206.103109,104.000000,47805.257812,81700.179688
1778987207.103279,104.000000,47805.261719,81700.179688
1778987208.099364,103.000000,45661.687500,79556.605469
1778987209.103945,104.000000,45661.687500,79556.605469
1778987210.099045,104.000000,45661.687500,79556.605469
1778987211.103683,104.000000,45661.687500,79556.605469
1778987212.099103,103.000000,45661.687500,79556.605469
1778987213.100981,104.000000,42729.847656,79087.316406
1778987214.099800,104.000000,41214.113281,77079.582031
1778987215.099558,103.000000,42675.460938,78365.726562
1778987216.103599,105.000000,42675.460938,78365.726562
1778987217.097357,103.000000,42675.460938,78365.726562
1778987218.102201,103.000000,42675.460938,78365.726562
1778987219.099020,105.000000,42675.460938,78365.726562
1778987220.099026,103.000000,42675.460938,78365.726562
1778987221.099769,103.000000,42675.460938,78365.726562
1778987222.098129,103.000000,42675.460938,78365.726562
1778987222.429332,109.000000,40960.601562,76650.851562
