1778986831.255489,0.000000,93199.210938,130139.082031
1778986831.312636,104.400000,93245.214844,130139.097656
1778986832.327383,99.300000,95144.082031,131853.957031
1778986833.299892,96.600000,95422.082031,131853.957031
1778986834.297398,105.000000,95928.082031,131853.957031
1778986835.296998,103.000000,96342.082031,131853.957031
1778986836.298722,104.000000,96710.082031,131853.957031
1778986837.298066,105.000000,96986.082031,131853.957031
1778986838.298748,104.000000,97400.082031,131853.957031
1778986839.295821,104.000000,97814.984375,136659.925781
1778986840.292695,104.000000,98182.984375,136659.925781
1778986841.295563,103.000000,98640.984375,136659.925781
1778986842.298343,104.000000,98962.984375,136659.925781
1778986843.296204,105.000000,99344.054688,136659.925781
1778986844.288483,104.000000,99698.984375,136659.925781
1778986845.294123,102.000000,100066.984375,136659.925781
1778986846.294340,105.000000,100480.984375,136659.925781
1778986847.295012,103.000000,100900.984375,136659.925781
1778986848.296286,104.000000,101268.984375,136659.925781
1778986849.296957,104.000000,101590.984375,136659.925781
1778986850.292533,103.000000,101866.984375,136659.925781
1778986851.294885,105.000000,102326.984375,136659.925781
1778986852.298372,104.000000,97714.105469,136473.980469
1778986853.293214,103.000000,97966.105469,136473.980469
1778986854.292736,104.000000,98380.105469,136473.980469
1778986855.292191,104.000000,98792.105469,136473.980469
1778986856.294045,103.000000,99206.105469,136473.980469
1778986857.295244,104.000000,99574.105469,136473.980469
1778986858.294362,103.000000,99940.105469,136473.980469
1778986859.292659,105.000000,100354.105469,136473.980469
1778986860.292915,103.000000,100766.105469,136473.980469
1778986861.297361,104.000000,101173.781250,136473.980469
1778986862.294127,104.000000,101547.117188,138900.984375
1778986863.295029,104.000000,101915.117188,138900.984375
1778986864.292395,104.000000,102287.117188,138900.984375
1778986865.297027,104.000000,102651.117188,138900.984375
1778986866.293329,103.000000,102927.117188,138900.984375
1778986867.293452,104.000000,103311.117188,138900.984375
1778986868.297278,103.000000,103654.949219,138900.984375
1778986869.292942,104.000000,102903.679688,138739.699219
1778986870.298157,104.000000,103736.214844,138739.699219
1778986871.293404,104.000000,102610.109375,138739.699219
1778986872.294489,104.000000,96726.203125,132888.070312
1778986873.299827,103.000000,97190.203125,132888.070312
1778986874.292918,105.000000,97518.203125,132888.070312
1778986875.293065,103.000000,97886.203125,132888.070312
1778986876.289397,104.000000,95769.453125,132888.070312
1778986877.290587,104.000000,96218.195312,132888.070312
1778986878.297864,103.000000,96632.195312,132888.070312
1778986879.298857,104.000000,96722.457031,132960.093750
1778986880.293094,104.000000,96854.511719,132960.093750
1778986881.297049,104.000000,96942.511719,132960.093750
1778986882.292226,103.000000,97074.511719,132960.093750
1778986883.295435,104.000000,97162.511719,132960.093750
1778986884.292525,104.000000,97276.644531,132960.093750
1778986885.292299,104.000000,97382.511719,132960.093750
1778986886.293800,103.000000,97470.511719,132960.093750
1778986887.237164,103.900000,95887.648438,131245.218750
