1778986774.669478,0.000000,70945.621094,115496.847656
1778986774.726950,95.900000,71095.625000,115496.863281
1778986775.713620,102.000000,75304.484375,117211.722656
1778986776.716016,100.000000,77922.484375,117211.722656
1778986777.710675,103.000000,80694.484375,117211.722656
1778986778.718972,104.000000,83601.996094,121970.210938
1778986779.715517,104.000000,83833.996094,121970.210938
1778986780.716831,104.000000,84239.996094,121970.210938
1778986781.713814,105.000000,84790.054688,126727.242188
1778986782.709491,105.000000,85264.054688,126727.242188
1778986783.709080,103.000000,85951.312500,126727.242188
1778986784.712583,104.000000,86480.054688,126727.242188
1778986785.707582,105.000000,87174.054688,126727.242188
1778986786.710121,103.000000,87865.597656,126727.242188
1778986787.707324,104.000000,88533.886719,126727.242188
1778986788.704228,103.000000,89704.054688,126727.242188
1778986789.710644,104.000000,91373.386719,127321.449219
1778986790.712687,104.000000,91873.917969,127321.449219
1778986791.709219,104.000000,92371.484375,127321.449219
1778986792.711224,104.000000,92744.332031,127915.656250
1778986793.714580,104.000000,93134.332031,127915.656250
1778986794.712782,104.000000,93558.332031,127915.656250
1778986795.707163,104.000000,93925.175781,128509.863281
1778986796.710494,104.000000,94273.175781,128509.863281
1778986797.707081,104.000000,93614.078125,127915.476562
1778986798.710945,103.000000,93686.195312,127915.476562
1778986799.708687,104.000000,93777.964844,127922.546875
1778986800.708491,105.000000,89743.441406,125868.652344
1778986801.711541,103.000000,91377.835938,125875.714844
1778986802.713013,104.000000,91589.199219,125875.714844
1778986803.707632,104.000000,88568.632812,124398.804688
1778986804.708086,104.000000,89392.824219,126739.046875
1778986805.707650,104.000000,89762.824219,126739.046875
1778986806.711228,103.000000,90084.824219,126739.046875
1778986807.708186,104.000000,90410.824219,126739.046875
1778986808.707719,103.000000,90824.824219,126739.046875
1778986809.706162,104.000000,91192.824219,126739.046875
1778986810.709848,104.000000,91560.824219,126739.046875
1778986811.714248,104.000000,91990.824219,126739.046875
1778986812.707222,104.000000,92404.046875,126930.144531
1778986813.708532,103.000000,92824.242188,127121.242188
1778986814.709750,104.000000,93071.074219,129500.207031
1778986815.707925,104.000000,93442.367188,129691.304688
1778986816.713246,104.000000,93670.171875,129691.304688
1778986817.706980,105.000000,93806.453125,129734.335938
1778986818.709234,104.000000,93878.386719,129649.367188
1778986819.708337,103.000000,94185.062500,129755.496094
1778986820.711974,104.000000,94206.140625,129644.214844
1778986821.707690,104.000000,94657.046875,129830.160156
1778986822.707555,103.000000,94771.957031,129724.031250
1778986823.707992,104.000000,95189.054688,129909.976562
1778986824.708790,104.000000,95371.902344,129909.976562
1778986825.707410,104.000000,95449.984375,132044.906250
1778986826.713336,103.000000,93290.070312,131853.957031
1778986827.707854,105.000000,93644.070312,131853.957031
1778986828.708762,103.000000,94040.070312,131853.957031
1778986829.713780,104.000000,94500.070312,131853.957031
1778986830.816507,103.900000,93107.210938,130139.097656
1778986830.854293,76.900000,93107.207031,130139.082031
