1778987333.386948,0.000000,9157.570312,42628.683594
1778987333.435003,115.600000,9157.574219,42628.699219
1778987334.426864,100.000000,10872.445312,44343.558594
1778987335.422869,104.000000,10872.445312,44343.558594
1778987336.425724,103.000000,10872.445312,44343.558594
1778987337.425611,104.000000,10872.445312,44343.558594
1778987338.423933,103.000000,10872.445312,44343.558594
1778987339.423930,101.000000,10872.445312,44343.558594
1778987340.424321,104.000000,10872.445312,44343.558594
1778987341.422536,103.000000,10872.445312,44343.558594
1778987342.423596,104.000000,10872.445312,44343.558594
1778987343.428198,103.000000,10872.445312,44343.558594
1778987344.424980,105.000000,10872.445312,44343.558594
1778987345.422099,103.000000,10872.445312,44343.558594
1778987346.421875,104.000000,10872.445312,44343.558594
1778987347.423609,103.000000,10872.445312,44343.558594
1778987348.422485,103.000000,10872.445312,44343.558594
1778987349.426445,104.000000,10872.445312,44343.558594
1778987350.422248,103.000000,10872.445312,44343.558594
1778987351.423804,104.000000,10872.445312,44343.558594
1778987352.424837,104.000000,10872.445312,44343.558594
1778987353.422563,103.000000,10872.445312,44343.558594
1778987354.428771,103.000000,10872.445312,44343.558594
1778987355.423171,104.000000,10872.445312,44343.558594
1778987356.421384,105.000000,10872.445312,44343.558594
1778987357.422956,102.000000,10872.445312,44343.558594
1778987358.422424,104.000000,10872.445312,44343.558594
1778987359.428177,104.000000,10872.445312,44343.558594
1778987360.423944,103.000000,10872.445312,44343.558594
1778987361.424383,104.000000,10872.445312,44343.558594
1778987362.425609,103.000000,10872.445312,44343.558594
1778987363.428478,104.000000,10872.445312,44343.558594
1778987364.422920,104.000000,10872.445312,44343.558594
1778987365.424764,104.000000,10872.445312,44343.558594
1778987366.427316,104.000000,10872.445312,44343.558594
1778987367.422083,104.000000,10872.445312,44343.558594
1778987368.422547,103.000000,10872.445312,44343.558594
1778987369.425331,103.000000,10872.445312,44343.558594
1778987370.421516,104.000000,10872.445312,44343.558594
1778987371.423553,103.000000,10872.445312,44343.558594
1778987372.424198,104.000000,10872.445312,44343.558594
1778987373.422342,103.000000,10872.445312,44343.558594
1778987374.423738,104.000000,10872.445312,44343.558594
1778987375.422836,103.000000,10872.445312,44343.558594
1778987376.421221,103.000000,10872.445312,44343.558594
1778987377.423008,104.000000,10872.445312,44343.558594
1778987378.422449,104.000000,10872.445312,44343.558594
1778987379.422340,103.000000,10872.445312,44343.558594
1778987380.422453,104.000000,10872.445312,44343.558594
1778987381.426608,103.000000,10872.445312,44343.558594
1778987382.423479,104.000000,10872.445312,44343.558594
1778987383.422708,103.000000,10872.445312,44343.558594
1778987384.421124,104.000000,10872.445312,44343.558594
1778987385.425344,103.000000,10872.445312,44343.558594
1778987386.423897,103.000000,10872.445312,44343.558594
1778987387.421922,104.000000,10872.445312,44343.558594
1778987387.682206,116.200000,9157.582031,42628.683594
