1778986718.929930,0.000000,33755.781250,67613.824219
1778986718.978461,80.500000,33755.785156,67613.839844
1778986719.965677,103.000000,35470.648438,69328.699219
1778986720.968714,103.000000,36655.582031,72758.417969
1778986721.966673,104.000000,38900.367188,72758.417969
1778986722.967754,104.000000,38900.367188,72758.417969
1778986723.971092,103.000000,38900.367188,72758.417969
1778986724.966947,104.000000,38900.367188,72758.417969
1778986725.969993,104.000000,38900.367188,72758.417969
1778986726.970686,103.000000,39432.812500,76188.132812
1778986727.976973,105.000000,39867.882812,79617.839844
1778986728.968353,104.000000,42579.882812,79617.839844
1778986729.971311,104.000000,45377.882812,79617.839844
1778986730.967441,103.000000,42247.968750,76188.128906
1778986731.966558,104.000000,42330.078125,76188.128906
1778986732.968027,104.000000,42330.078125,76188.128906
1778986733.966390,103.000000,42330.078125,76188.128906
1778986734.970054,104.000000,42330.078125,76188.128906
1778986735.967250,104.000000,42330.078125,76188.128906
1778986736.972047,104.000000,44433.664062,79617.847656
1778986737.966892,103.000000,45759.796875,79617.847656
1778986738.968231,104.000000,45759.796875,79617.847656
1778986739.970495,104.000000,45759.796875,79617.847656
1778986740.967855,103.000000,45759.796875,79617.847656
1778986741.969520,104.000000,45759.796875,79617.847656
1778986742.977283,104.000000,48962.187500,86477.277344
1778986743.971831,104.000000,47274.742188,86477.269531
1778986744.975828,104.000000,49754.847656,86477.269531
1778986745.970720,105.000000,51843.472656,86477.269531
1778986746.971625,104.000000,53067.199219,113914.964844
1778986747.972136,104.000000,58199.972656,113914.964844
1778986748.974323,104.000000,60964.382812,113914.964844
1778986749.970042,104.000000,62374.613281,113914.964844
1778986750.971529,104.000000,63705.640625,113914.964844
1778986751.966623,104.000000,64913.769531,113914.964844
1778986752.971426,104.000000,65788.992188,113914.964844
1778986753.968811,103.000000,66557.417969,113914.964844
1778986754.968925,104.000000,70317.910156,113914.964844
1778986755.968846,104.000000,74245.484375,113914.964844
1778986756.975763,104.000000,77793.625000,113914.964844
1778986757.975201,104.000000,79350.519531,113914.964844
1778986758.969766,104.000000,63953.570312,98481.250000
1778986759.975503,104.000000,48654.734375,83047.535156
1778986760.972542,105.000000,49126.214844,83047.535156
1778986761.973158,104.000000,49126.214844,83047.535156
1778986762.972071,104.000000,49126.214844,83047.535156
1778986763.972630,104.000000,49126.214844,83047.535156
1778986764.971143,104.000000,49126.214844,83047.535156
1778986765.970901,104.000000,49126.214844,83047.535156
1778986766.970438,104.000000,50217.312500,100129.628906
1778986767.969344,104.000000,53136.480469,117211.722656
1778986768.973092,104.000000,56080.480469,117211.722656
1778986769.969524,104.000000,59016.480469,117211.722656
1778986770.972195,104.000000,61928.480469,117211.722656
1778986771.968888,104.000000,64838.480469,117211.722656
1778986772.969382,103.000000,67758.480469,117211.722656
1778986773.969714,105.000000,70686.480469,117211.722656
1778986774.250394,110.500000,69783.617188,115496.847656
