1778987659.238249,0.000000,9157.644531,42628.683594
1778987659.276067,87.400000,9157.648438,42628.699219
1778987660.274624,104.000000,10872.511719,44343.558594
1778987661.274559,103.000000,10872.511719,44343.558594
1778987662.274441,104.000000,10872.511719,44343.558594
1778987663.274343,103.000000,10872.511719,44343.558594
1778987664.274244,103.000000,10872.511719,44343.558594
1778987665.278025,104.000000,10872.511719,44343.558594
1778987666.274676,104.000000,10872.511719,44343.558594
1778987667.274527,103.000000,10872.511719,44343.558594
1778987668.273880,104.000000,10872.511719,44343.558594
1778987669.274861,103.000000,10872.511719,44343.558594
1778987670.274989,104.000000,10872.511719,44343.558594
1778987671.273755,103.000000,10872.511719,44343.558594
1778987672.279290,104.000000,10872.511719,44343.558594
1778987673.273841,103.000000,10872.511719,44343.558594
1778987674.274230,104.000000,10872.511719,44343.558594
1778987675.273373,104.000000,10872.511719,44343.558594
1778987676.273474,103.000000,10872.511719,44343.558594
1778987677.277540,104.000000,10872.511719,44343.558594
1778987678.272696,103.000000,10872.511719,44343.558594
1778987679.273573,104.000000,10872.511719,44343.558594
1778987680.273414,103.000000,10872.511719,44343.558594
1778987681.274522,104.000000,10872.511719,44343.558594
1778987682.276150,103.000000,10872.511719,44343.558594
1778987683.274043,104.000000,10872.511719,44343.558594
1778987684.272725,102.000000,10872.511719,44343.558594
1778987685.276941,104.000000,10872.511719,44343.558594
1778987686.272585,104.000000,10872.511719,44343.558594
1778987687.278836,103.000000,10872.511719,44343.558594
1778987688.275014,104.000000,10872.511719,44343.558594
1778987689.271849,104.000000,10872.511719,44343.558594
1778987690.272158,103.000000,10872.511719,44343.558594
1778987691.280374,103.000000,10872.511719,44343.558594
1778987692.276600,104.000000,10872.511719,44343.558594
1778987693.274013,104.000000,10872.511719,44343.558594
1778987694.279459,103.000000,10872.511719,44343.558594
1778987695.272622,105.000000,10872.511719,44343.558594
1778987696.275202,103.000000,10872.511719,44343.558594
1778987697.277282,103.000000,10872.511719,44343.558594
1778987698.274127,104.000000,10872.511719,44343.558594
1778987699.273420,103.000000,10872.511719,44343.558594
1778987700.273550,104.000000,10872.511719,44343.558594
1778987701.274585,103.000000,10872.511719,44343.558594
1778987702.271675,104.000000,10872.511719,44343.558594
1778987703.277699,103.000000,10872.511719,44343.558594
1778987704.273335,104.000000,10872.511719,44343.558594
1778987705.273959,104.000000,10872.511719,44343.558594
1778987706.273984,103.000000,10872.511719,44343.558594
1778987707.275467,103.000000,10872.511719,44343.558594
1778987708.273242,104.000000,10872.511719,44343.558594
1778987709.271816,103.000000,10872.511719,44343.558594
1778987710.273184,104.000000,10872.511719,44343.558594
1778987711.273641,103.000000,10872.511719,44343.558594
1778987712.277669,104.000000,10872.511719,44343.558594
1778987713.181120,104.000000,9157.648438,42628.683594
