1778987496.961794,0.000000,9157.605469,42628.683594
1778987497.011373,110.000000,9157.609375,42628.699219
1778987498.003132,103.000000,10872.476562,44343.558594
1778987498.998305,105.000000,10872.476562,44343.558594
1778987499.998654,103.000000,10872.476562,44343.558594
1778987500.998417,103.000000,10872.476562,44343.558594
1778987502.002198,104.000000,10872.476562,44343.558594
1778987502.998042,104.000000,10872.476562,44343.558594
1778987503.995894,104.000000,10872.476562,44343.558594
1778987504.997452,102.000000,10872.476562,44343.558594
1778987505.997554,104.000000,10872.476562,44343.558594
1778987506.994923,104.000000,10872.476562,44343.558594
1778987508.001292,102.000000,10872.476562,44343.558594
1778987508.997180,105.000000,10872.476562,44343.558594
1778987509.995307,104.000000,10872.476562,44343.558594
1778987511.000881,103.000000,10872.476562,44343.558594
1778987511.997625,104.000000,10872.476562,44343.558594
1778987513.001936,103.000000,10872.476562,44343.558594
1778987513.998423,103.000000,10872.476562,44343.558594
1778987514.997290,103.000000,10872.476562,44343.558594
1778987515.998177,105.000000,10872.476562,44343.558594
1778987516.998216,103.000000,10872.476562,44343.558594
1778987517.998795,103.000000,10872.476562,44343.558594
1778987518.996974,103.000000,10872.476562,44343.558594
1778987520.000882,104.000000,10872.476562,44343.558594
1778987520.996155,103.000000,10872.476562,44343.558594
1778987521.997164,104.000000,10872.476562,44343.558594
1778987522.997332,103.000000,10872.476562,44343.558594
1778987523.997892,104.000000,10872.476562,44343.558594
1778987524.997938,104.000000,10872.476562,44343.558594
1778987525.998739,103.000000,10872.476562,44343.558594
1778987526.997721,104.000000,10872.476562,44343.558594
1778987527.997945,103.000000,10872.476562,44343.558594
1778987528.999625,103.000000,10872.476562,44343.558594
1778987529.996795,103.000000,10872.476562,44343.558594
1778987530.999608,104.000000,10872.476562,44343.558594
1778987531.996629,104.000000,10872.476562,44343.558594
1778987532.996919,103.000000,10872.476562,44343.558594
1778987533.999542,103.000000,10872.476562,44343.558594
1778987534.997351,104.000000,10872.476562,44343.558594
1778987535.998415,104.000000,10872.476562,44343.558594
1778987536.997010,103.000000,10872.476562,44343.558594
1778987537.996927,104.000000,10872.476562,44343.558594
1778987539.001778,103.000000,10872.476562,44343.558594
1778987540.001165,104.000000,10872.476562,44343.558594
1778987540.997761,103.000000,10872.476562,44343.558594
1778987541.998106,104.000000,10872.476562,44343.558594
1778987542.998675,103.000000,10872.476562,44343.558594
1778987544.000551,104.000000,10872.476562,44343.558594
1778987544.998097,104.000000,10872.476562,44343.558594
1778987545.997238,104.000000,10872.476562,44343.558594
1778987546.996645,103.000000,10872.476562,44343.558594
1778987548.001452,103.000000,10872.476562,44343.558594
1778987549.001179,104.000000,10872.476562,44343.558594
1778987549.997389,104.000000,10872.476562,44343.558594
1778987550.790576,104.700000,9157.613281,42628.683594
