1778987713.429336,0.000000,9157.656250,42628.683594
1778987713.476029,116.400000,9157.660156,42628.699219
1778987714.469404,103.000000,10872.531250,44343.558594
1778987715.465522,103.000000,10872.531250,44343.558594
1778987716.465032,104.000000,10872.531250,44343.558594
1778987717.465207,103.000000,10872.531250,44343.558594
1778987718.466263,104.000000,10872.531250,44343.558594
1778987719.466042,104.000000,10872.531250,44343.558594
1778987720.465111,103.000000,10872.531250,44343.558594
1778987721.465386,104.000000,10872.531250,44343.558594
1778987722.463565,103.000000,10872.531250,44343.558594
1778987723.472605,103.000000,10872.531250,44343.558594
1778987724.467363,104.000000,10872.531250,44343.558594
1778987725.466006,104.000000,10872.531250,44343.558594
1778987726.468576,103.000000,10872.531250,44343.558594
1778987727.466842,105.000000,10872.531250,44343.558594
1778987728.467681,103.000000,10872.531250,44343.558594
1778987729.470380,103.000000,10872.531250,44343.558594
1778987730.467572,105.000000,10872.531250,44343.558594
1778987731.463864,103.000000,10872.531250,44343.558594
1778987732.465021,104.000000,10872.531250,44343.558594
1778987733.469488,103.000000,10872.531250,44343.558594
1778987734.468040,104.000000,10872.531250,44343.558594
1778987735.466393,103.000000,10872.531250,44343.558594
1778987736.466502,104.000000,10872.531250,44343.558594
1778987737.468189,104.000000,10872.531250,44343.558594
1778987738.469470,104.000000,10872.531250,44343.558594
1778987739.466398,103.000000,10872.531250,44343.558594
1778987740.467056,104.000000,10872.531250,44343.558594
1778987741.465403,103.000000,10872.531250,44343.558594
1778987742.463485,104.000000,10872.531250,44343.558594
1778987743.471609,103.000000,10872.531250,44343.558594
1778987744.465471,105.000000,10872.531250,44343.558594
1778987745.467249,102.000000,10872.531250,44343.558594
1778987746.465432,105.000000,10872.531250,44343.558594
1778987747.464988,103.000000,10872.531250,44343.558594
1778987748.465316,104.000000,10872.531250,44343.558594
1778987749.466117,103.000000,10872.531250,44343.558594
1778987750.465191,104.000000,10872.531250,44343.558594
1778987751.466838,103.000000,10872.531250,44343.558594
1778987752.469403,103.000000,10872.531250,44343.558594
1778987753.464642,104.000000,10872.531250,44343.558594
1778987754.467079,103.000000,10872.531250,44343.558594
1778987755.465337,104.000000,10872.531250,44343.558594
1778987756.465644,104.000000,10872.531250,44343.558594
1778987757.464925,104.000000,10872.531250,44343.558594
1778987758.464906,102.000000,10872.531250,44343.558594
1778987759.465672,104.000000,10872.531250,44343.558594
1778987760.466074,104.000000,10872.531250,44343.558594
1778987761.470402,103.000000,10872.531250,44343.558594
1778987762.466420,104.000000,10872.531250,44343.558594
1778987763.466781,104.000000,10872.531250,44343.558594
1778987764.469021,103.000000,10872.531250,44343.558594
1778987765.464476,104.000000,10872.531250,44343.558594
1778987766.466162,103.000000,10872.531250,44343.558594
1778987767.613606,102.900000,9157.671875,42628.699219
1778987767.651128,108.000000,9157.667969,42628.683594
