1778987387.930707,0.000000,9157.585938,42628.683594
1778987387.972984,86.300000,9157.589844,42628.699219
1778987388.967436,104.000000,10872.453125,44343.558594
1778987389.968872,103.000000,10872.453125,44343.558594
1778987390.967161,104.000000,10872.453125,44343.558594
1778987391.969767,104.000000,10872.453125,44343.558594
1778987392.966710,103.000000,10872.453125,44343.558594
1778987393.966928,103.000000,10872.453125,44343.558594
1778987394.967055,105.000000,10872.453125,44343.558594
1778987395.966097,103.000000,10872.453125,44343.558594
1778987396.971363,103.000000,10872.453125,44343.558594
1778987397.966560,104.000000,10872.453125,44343.558594
1778987398.967462,103.000000,10872.453125,44343.558594
1778987399.967031,104.000000,10872.453125,44343.558594
1778987400.965894,104.000000,10872.453125,44343.558594
1778987401.968478,103.000000,10872.453125,44343.558594
1778987402.965748,103.000000,10872.453125,44343.558594
1778987403.967319,104.000000,10872.453125,44343.558594
1778987404.967299,104.000000,10872.453125,44343.558594
1778987405.970402,103.000000,10872.453125,44343.558594
1778987406.965378,104.000000,10872.453125,44343.558594
1778987407.969489,103.000000,10872.453125,44343.558594
1778987408.965979,104.000000,10872.453125,44343.558594
1778987409.965582,103.000000,10872.453125,44343.558594
1778987410.971905,104.000000,10872.453125,44343.558594
1778987411.965690,104.000000,10872.453125,44343.558594
1778987412.965302,103.000000,10872.453125,44343.558594
1778987413.966178,104.000000,10872.453125,44343.558594
1778987414.970893,102.000000,10872.453125,44343.558594
1778987415.967587,105.000000,10872.453125,44343.558594
1778987416.967734,103.000000,10872.453125,44343.558594
1778987417.966330,104.000000,10872.453125,44343.558594
1778987418.965881,104.000000,10872.453125,44343.558594
1778987419.967712,103.000000,10872.453125,44343.558594
1778987420.969966,103.000000,10872.453125,44343.558594
1778987421.965467,104.000000,10872.453125,44343.558594
1778987422.967386,104.000000,10872.453125,44343.558594
1778987423.970080,103.000000,10872.453125,44343.558594
1778987424.966045,103.000000,10872.453125,44343.558594
1778987425.972350,103.000000,10872.453125,44343.558594
1778987426.969560,104.000000,10872.453125,44343.558594
1778987427.966502,105.000000,10872.453125,44343.558594
1778987428.966059,103.000000,10872.453125,44343.558594
1778987429.964685,104.000000,10872.453125,44343.558594
1778987430.966473,103.000000,10872.453125,44343.558594
1778987431.967203,103.000000,10872.453125,44343.558594
1778987432.966169,104.000000,10872.453125,44343.558594
1778987433.966328,103.000000,10872.453125,44343.558594
1778987434.974246,103.000000,10872.453125,44343.558594
1778987435.965183,104.000000,10872.453125,44343.558594
1778987436.969275,104.000000,10872.453125,44343.558594
1778987437.967807,104.000000,10872.453125,44343.558594
1778987438.966870,103.000000,10872.453125,44343.558594
1778987439.968179,104.000000,10872.453125,44343.558594
1778987440.967719,103.000000,10872.453125,44343.558594
1778987442.007333,102.800000,9157.593750,42628.699219
1778987442.040708,142.100000,9157.589844,42628.683594
