1778987605.067206,0.000000,9157.621094,42628.683594
1778987605.116763,120.600000,9157.628906,42628.699219
1778987606.104182,102.000000,10872.500000,44343.558594
1778987607.107364,104.000000,10872.500000,44343.558594
1778987608.103374,104.000000,10872.500000,44343.558594
1778987609.103441,103.000000,10872.500000,44343.558594
1778987610.103315,104.000000,10872.500000,44343.558594
1778987611.103869,103.000000,10872.500000,44343.558594
1778987612.102998,104.000000,10872.500000,44343.558594
1778987613.102920,103.000000,10872.500000,44343.558594
1778987614.101353,104.000000,10872.500000,44343.558594
1778987615.103441,103.000000,10872.500000,44343.558594
1778987616.108354,104.000000,10872.500000,44343.558594
1778987617.104484,103.000000,10872.507812,44343.558594
1778987618.108027,104.000000,10872.507812,44343.558594
1778987619.105012,104.000000,10872.507812,44343.558594
1778987620.104699,103.000000,10872.507812,44343.558594
1778987621.103776,104.000000,10872.507812,44343.558594
1778987622.103047,104.000000,10872.507812,44343.558594
1778987623.103147,103.000000,10872.507812,44343.558594
1778987624.102925,103.000000,10872.507812,44343.558594
1778987625.106158,103.000000,10872.507812,44343.558594
1778987626.108148,104.000000,10872.507812,44343.558594
1778987627.103271,104.000000,10872.507812,44343.558594
1778987628.104126,104.000000,10872.507812,44343.558594
1778987629.104034,103.000000,10872.507812,44343.558594
1778987630.104207,104.000000,10872.507812,44343.558594
1778987631.106226,103.000000,10872.507812,44343.558594
1778987632.103441,104.000000,10872.507812,44343.558594
1778987633.102825,104.000000,10872.507812,44343.558594
1778987634.106558,103.000000,10872.507812,44343.558594
1778987635.102629,104.000000,10872.507812,44343.558594
1778987636.108861,104.000000,10872.507812,44343.558594
1778987637.105803,104.000000,10872.507812,44343.558594
1778987638.103926,103.000000,10872.507812,44343.558594
1778987639.104200,104.000000,10872.507812,44343.558594
1778987640.103167,103.000000,10872.507812,44343.558594
1778987641.106798,104.000000,10872.507812,44343.558594
1778987642.102416,104.000000,10872.507812,44343.558594
1778987643.102843,102.000000,10872.507812,44343.558594
1778987644.103127,104.000000,10872.507812,44343.558594
1778987645.106136,104.000000,10872.507812,44343.558594
1778987646.107836,104.000000,10872.507812,44343.558594
1778987647.104064,103.000000,10872.507812,44343.558594
1778987648.103952,104.000000,10872.507812,44343.558594
1778987649.104069,103.000000,10872.507812,44343.558594
1778987650.104719,104.000000,10872.507812,44343.558594
1778987651.103895,104.000000,10872.507812,44343.558594
1778987652.102827,103.000000,10872.507812,44343.558594
1778987653.108659,103.000000,10872.507812,44343.558594
1778987654.106182,104.000000,10872.507812,44343.558594
1778987655.102962,104.000000,10872.507812,44343.558594
1778987656.102185,104.000000,10872.507812,44343.558594
1778987657.103889,103.000000,10872.507812,44343.558594
1778987658.104385,103.000000,10872.507812,44343.558594
1778987658.998944,103.900000,9157.644531,42628.683594
