1778986943.663600,0.000000,97164.605469,131766.589844
1778986943.705611,108.200000,97164.609375,131766.605469
1778986944.708471,101.000000,98967.480469,133481.464844
1778986945.707228,94.000000,99055.480469,133481.464844
1778986946.704521,103.000000,99143.480469,133481.464844
1778986947.704026,104.000000,99162.156250,133481.464844
1778986948.703994,105.000000,99162.156250,133481.464844
1778986949.704713,103.000000,99162.156250,133481.464844
1778986950.702790,104.000000,99162.156250,133481.464844
1778986951.703837,104.000000,99162.156250,133481.464844
1778986952.700800,104.000000,99162.156250,133481.464844
1778986953.697754,104.000000,99162.156250,133481.464844
1778986954.699495,103.000000,99162.156250,133481.464844
1778986955.710034,104.000000,99191.445312,136132.703125
1778986956.702151,104.000000,99279.445312,136132.703125
1778986957.701432,103.000000,99411.445312,136132.703125
1778986958.700473,104.000000,99543.445312,136132.703125
1778986959.700980,103.000000,99675.445312,136132.703125
1778986960.702853,104.000000,99763.445312,136132.703125
1778986961.700199,104.000000,99895.445312,136132.703125
1778986962.700380,103.000000,99983.445312,136132.703125
1778986963.700630,103.000000,100115.445312,136132.703125
1778986964.704187,104.000000,100247.445312,136132.703125
1778986965.703943,104.000000,100381.953125,139420.027344
1778986966.701075,103.000000,100791.660156,139420.027344
1778986967.704199,104.000000,101209.953125,139420.027344
1778986968.703312,104.000000,101623.953125,139420.027344
1778986969.699798,105.000000,102041.953125,139420.027344
1778986970.701619,102.000000,102466.421875,139420.027344
1778986971.702925,105.000000,102869.953125,139420.027344
1778986972.702807,104.000000,103237.953125,139420.027344
1778986973.703719,103.000000,103419.902344,139420.027344
1778986974.700468,104.000000,103507.902344,139420.027344
1778986975.704097,103.000000,103639.902344,139420.027344
1778986976.699928,104.000000,103771.902344,139420.027344
1778986977.701861,104.000000,103859.906250,139420.027344
1778986978.701540,104.000000,103991.906250,139420.027344
1778986979.700233,103.000000,104123.906250,139420.027344
1778986980.705235,104.000000,104255.906250,139420.027344
1778986981.699216,104.000000,104387.906250,139420.027344
1778986982.704585,103.000000,104486.996094,139420.027344
1778986983.704817,104.000000,104607.906250,139420.027344
1778986984.699926,104.000000,104739.906250,139420.027344
1778986985.705704,103.000000,104828.511719,139420.027344
1778986986.699862,105.000000,104959.906250,139420.027344
1778986987.701007,103.000000,105091.906250,139420.027344
1778986988.699599,104.000000,105100.722656,139420.027344
1778986989.701895,104.000000,105100.722656,139420.027344
1778986990.700585,103.000000,105100.722656,139420.027344
1778986991.705013,103.000000,105182.062500,142734.078125
1778986992.699640,105.000000,105314.062500,142734.078125
1778986993.701360,103.000000,105446.062500,142734.078125
1778986994.700805,104.000000,105578.062500,142734.078125
1778986995.702001,104.000000,105666.062500,142734.078125
1778986996.701855,103.000000,105798.062500,142734.078125
1778986997.700246,103.000000,105930.062500,142734.078125
1778986998.700595,104.000000,106056.062500,142734.078125
1778986999.179536,106.400000,104391.203125,141019.203125
