1778986887.641224,0.000000,95887.648438,131245.218750
1778986887.695042,65.100000,95887.656250,131245.234375
1778986888.692250,103.000000,97690.523438,132960.093750
1778986889.690895,97.000000,97734.523438,132960.093750
1778986890.692632,105.000000,97872.523438,132960.093750
1778986891.690511,103.000000,97960.523438,132960.093750
1778986892.692054,104.000000,98092.523438,132960.093750
1778986893.687754,104.000000,98180.523438,132960.093750
1778986894.687649,104.000000,98268.523438,132960.093750
1778986895.686193,104.000000,98400.523438,132960.093750
1778986896.687723,103.000000,98495.660156,132960.093750
1778986897.686395,104.000000,98620.523438,132960.093750
1778986898.690742,103.000000,98708.523438,132960.093750
1778986899.688008,105.000000,97627.933594,132804.410156
1778986900.688991,103.000000,98526.625000,132804.410156
1778986901.691239,105.000000,97848.027344,132804.410156
1778986902.688425,104.000000,91606.511719,128791.152344
1778986903.693869,103.000000,92032.511719,128791.152344
1778986904.687903,104.000000,92400.511719,128791.152344
1778986905.688980,103.000000,92722.511719,128791.152344
1778986906.687327,104.000000,93176.511719,128791.152344
1778986907.688320,105.000000,93554.726562,128863.175781
1778986908.686265,103.000000,93642.726562,128863.175781
1778986909.687584,104.000000,93730.726562,128863.175781
1778986910.690607,103.000000,93862.781250,128863.175781
1778986911.686298,104.000000,93950.781250,128863.175781
1778986912.686343,103.000000,94082.781250,128863.175781
1778986913.687602,104.000000,94170.781250,128863.175781
1778986914.686862,104.000000,94302.781250,128863.175781
1778986915.687479,104.000000,94390.781250,128863.175781
1778986916.690697,102.000000,94522.781250,128863.175781
1778986917.685369,104.000000,94543.851562,128863.175781
1778986918.686223,104.000000,94543.851562,128863.175781
1778986919.691408,104.000000,94543.851562,128863.175781
1778986920.686180,104.000000,94543.851562,128863.175781
1778986921.685971,103.000000,94543.851562,128863.175781
1778986922.686135,104.000000,94543.851562,128863.175781
1778986923.685209,104.000000,94543.851562,128863.175781
1778986924.688376,103.000000,94543.851562,128863.175781
1778986925.685840,104.000000,94543.851562,128863.175781
1778986926.685493,103.000000,94543.851562,128863.175781
1778986927.686280,103.000000,94543.851562,128863.175781
1778986928.689244,104.000000,94543.851562,128863.175781
1778986929.689135,104.000000,94543.851562,128863.175781
1778986930.690223,104.000000,94613.035156,131493.035156
1778986931.685906,103.000000,94745.035156,131493.035156
1778986932.689765,104.000000,95067.085938,133481.464844
1778986933.689551,104.000000,95435.085938,133481.464844
1778986934.692549,103.000000,95858.031250,133481.464844
1778986935.693065,105.000000,96217.085938,133481.464844
1778986936.687648,104.000000,96631.085938,133481.464844
1778986937.691309,103.000000,96961.468750,133481.464844
1778986938.687520,104.000000,97367.085938,133481.464844
1778986939.693834,104.000000,97689.085938,133481.464844
1778986940.688776,105.000000,98060.410156,133481.464844
1778986941.687388,104.000000,98469.085938,133481.464844
1778986942.687824,103.000000,98791.464844,133481.464844
1778986943.254327,107.700000,97164.601562,131766.589844
