1778987278.319811,0.000000,9157.566406,42628.683594
1778987278.367690,88.000000,9157.570312,42628.699219
1778987279.361356,101.000000,10872.433594,44343.558594
1778987280.360031,104.000000,10872.433594,44343.558594
1778987281.360167,104.000000,10872.433594,44343.558594
1778987282.359917,104.000000,10872.433594,44343.558594
1778987283.360598,98.000000,10872.433594,44343.558594
1778987284.360385,105.000000,10872.433594,44343.558594
1778987285.359835,104.000000,10872.433594,44343.558594
1778987286.355386,103.000000,10872.433594,44343.558594
1778987287.356710,104.000000,10872.433594,44343.558594
1778987288.354730,103.000000,10872.433594,44343.558594
1778987289.355130,103.000000,10872.433594,44343.558594
1778987290.357216,105.000000,10872.433594,44343.558594
1778987291.353886,103.000000,10872.433594,44343.558594
1778987292.356013,103.000000,10872.433594,44343.558594
1778987293.360683,103.000000,10872.433594,44343.558594
1778987294.355456,104.000000,10872.433594,44343.558594
1778987295.356739,104.000000,10872.433594,44343.558594
1778987296.361799,103.000000,10872.433594,44343.558594
1778987297.356562,104.000000,10872.433594,44343.558594
1778987298.359099,104.000000,10872.433594,44343.558594
1778987299.355581,103.000000,10872.433594,44343.558594
1778987300.355124,104.000000,10872.433594,44343.558594
1778987301.355490,103.000000,10872.433594,44343.558594
1778987302.354934,103.000000,10872.433594,44343.558594
1778987303.360873,105.000000,10872.433594,44343.558594
1778987304.357129,104.000000,10872.433594,44343.558594
1778987305.360954,103.000000,10872.433594,44343.558594
1778987306.356399,104.000000,10872.433594,44343.558594
1778987307.356282,103.000000,10872.433594,44343.558594
1778987308.359293,103.000000,10872.433594,44343.558594
1778987309.355479,105.000000,10872.433594,44343.558594
1778987310.355352,103.000000,10872.433594,44343.558594
1778987311.355218,104.000000,10872.433594,44343.558594
1778987312.358578,103.000000,10872.433594,44343.558594
1778987313.361530,104.000000,10872.433594,44343.558594
1778987314.359630,103.000000,10872.433594,44343.558594
1778987315.355096,105.000000,10872.433594,44343.558594
1778987316.355234,102.000000,10872.433594,44343.558594
1778987317.354928,104.000000,10872.433594,44343.558594
1778987318.355138,103.000000,10872.433594,44343.558594
1778987319.355337,104.000000,10872.433594,44343.558594
1778987320.354846,103.000000,10872.433594,44343.558594
1778987321.355289,103.000000,10872.433594,44343.558594
1778987322.355281,104.000000,10872.433594,44343.558594
1778987323.355405,104.000000,10872.433594,44343.558594
1778987324.356381,103.000000,10872.433594,44343.558594
1778987325.357742,103.000000,10872.433594,44343.558594
1778987326.355778,104.000000,10872.433594,44343.558594
1778987327.356360,104.000000,10872.433594,44343.558594
1778987328.359540,103.000000,10872.433594,44343.558594
1778987329.356872,104.000000,10872.433594,44343.558594
1778987330.356755,103.000000,10872.433594,44343.558594
1778987331.359215,104.000000,10872.433594,44343.558594
1778987332.357086,104.000000,10872.433594,44343.558594
1778987333.147223,105.000000,9157.570312,42628.683594
