1778986662.732779,0.000000,9952.781250,43876.992188
1778986662.789692,83.600000,9957.164062,43881.718750
1778986663.776500,104.000000,11727.750000,45667.984375
1778986664.776314,104.000000,11804.011719,45759.539062
1778986665.775427,105.000000,12030.656250,46034.757812
1778986666.774791,104.000000,15450.148438,49400.644531
1778986667.774324,104.000000,15450.148438,49400.644531
1778986668.772150,103.000000,15450.148438,49400.644531
1778986669.775994,104.000000,15450.148438,49400.644531
1778986670.772534,104.000000,15450.148438,49400.644531
1778986671.772861,104.000000,15450.148438,49400.644531
1778986672.775946,104.000000,17430.144531,52830.363281
1778986673.775245,104.000000,18879.867188,52830.363281
1778986674.774723,104.000000,18890.363281,52856.371094
1778986675.776558,103.000000,18811.929688,52765.863281
1778986676.779800,105.000000,18811.019531,52765.863281
1778986677.777781,105.000000,18818.902344,52779.363281
1778986678.777692,104.000000,18818.339844,52779.363281
1778986679.775910,104.000000,19460.113281,56202.074219
1778986680.784957,104.000000,21444.722656,59638.785156
1778986681.780025,105.000000,24033.058594,59638.785156
1778986682.777091,105.000000,20033.898438,56194.574219
1778986683.774526,104.000000,21751.777344,55609.839844
1778986684.771506,105.000000,21751.777344,55609.839844
1778986685.773974,103.000000,21751.777344,55609.839844
1778986686.770843,104.000000,21751.777344,55609.839844
1778986687.770175,104.000000,21751.777344,55609.839844
1778986688.773057,103.000000,21751.777344,55609.839844
1778986689.769728,104.000000,25181.496094,59039.558594
1778986690.770063,103.000000,25181.496094,59039.558594
1778986691.769456,104.000000,25181.496094,59039.558594
1778986692.771472,104.000000,25181.496094,59039.558594
1778986693.775424,103.000000,25181.496094,59039.558594
1778986694.774343,105.000000,25181.496094,59039.558594
1778986695.772735,103.000000,28617.625000,64184.128906
1778986696.771492,104.000000,27642.152344,65898.980469
1778986697.771646,104.000000,30502.152344,65898.980469
1778986698.771500,104.000000,26954.957031,62469.269531
1778986699.770657,103.000000,28611.207031,62469.269531
1778986700.770367,104.000000,28611.207031,62469.269531
1778986701.777424,104.000000,28611.207031,62469.269531
1778986702.770306,104.000000,28611.207031,62469.269531
1778986703.780243,104.000000,28611.207031,62469.269531
1778986704.770205,105.000000,28743.796875,64184.128906
1778986705.770983,103.000000,32040.925781,65898.988281
1778986706.770102,104.000000,32040.925781,65898.988281
1778986707.771044,104.000000,32040.925781,65898.988281
1778986708.770086,104.000000,32040.925781,65898.988281
1778986709.770265,103.000000,32040.925781,65898.988281
1778986710.770026,103.000000,32040.925781,65898.988281
1778986711.771304,104.000000,32239.011719,72758.410156
1778986712.778986,104.000000,35037.011719,72758.410156
1778986713.773859,104.000000,37703.011719,72758.410156
1778986714.775807,104.000000,33976.609375,69328.699219
1778986715.768237,104.000000,35470.636719,69328.699219
1778986716.770622,103.000000,35470.636719,69328.699219
1778986717.771913,104.000000,35470.636719,69328.699219
1778986718.545402,105.800000,33755.773438,67613.824219
