1778987551.038527,0.000000,9157.621094,42628.683594
1778987551.076238,87.600000,9157.625000,42628.699219
1778987552.075026,104.000000,10872.484375,44343.558594
1778987553.074024,103.000000,10872.484375,44343.558594
1778987554.082834,104.000000,10872.484375,44343.558594
1778987555.074669,104.000000,10872.484375,44343.558594
1778987556.074815,103.000000,10872.484375,44343.558594
1778987557.075332,104.000000,10872.484375,44343.558594
1778987558.074458,104.000000,10872.484375,44343.558594
1778987559.079036,103.000000,10872.484375,44343.558594
1778987560.077244,104.000000,10872.484375,44343.558594
1778987561.074013,104.000000,10872.484375,44343.558594
1778987562.073522,103.000000,10872.484375,44343.558594
1778987563.073921,104.000000,10872.484375,44343.558594
1778987564.075017,103.000000,10872.484375,44343.558594
1778987565.075371,103.000000,10872.484375,44343.558594
1778987566.073615,104.000000,10872.484375,44343.558594
1778987567.078443,103.000000,10872.484375,44343.558594
1778987568.073656,104.000000,10872.484375,44343.558594
1778987569.078444,104.000000,10872.484375,44343.558594
1778987570.074974,104.000000,10872.484375,44343.558594
1778987571.074285,103.000000,10872.484375,44343.558594
1778987572.074267,104.000000,10872.484375,44343.558594
1778987573.075114,103.000000,10872.484375,44343.558594
1778987574.074669,103.000000,10872.484375,44343.558594
1778987575.077832,104.000000,10872.484375,44343.558594
1778987576.073993,104.000000,10872.484375,44343.558594
1778987577.073667,103.000000,10872.484375,44343.558594
1778987578.076870,103.000000,10872.484375,44343.558594
1778987579.073724,104.000000,10872.484375,44343.558594
1778987580.077461,104.000000,10872.484375,44343.558594
1778987581.073613,104.000000,10872.484375,44343.558594
1778987582.074892,103.000000,10872.484375,44343.558594
1778987583.077573,103.000000,10872.484375,44343.558594
1778987584.074100,104.000000,10872.484375,44343.558594
1778987585.079345,104.000000,10872.484375,44343.558594
1778987586.072808,103.000000,10872.484375,44343.558594
1778987587.077914,104.000000,10872.484375,44343.558594
1778987588.073674,104.000000,10872.484375,44343.558594
1778987589.072034,103.000000,10872.484375,44343.558594
1778987590.078184,103.000000,10872.484375,44343.558594
1778987591.073490,104.000000,10872.484375,44343.558594
1778987592.072998,104.000000,10872.484375,44343.558594
1778987593.073659,103.000000,10872.484375,44343.558594
1778987594.074839,103.000000,10872.484375,44343.558594
1778987595.078239,103.000000,10872.484375,44343.558594
1778987596.074980,105.000000,10872.484375,44343.558594
1778987597.073614,103.000000,10872.484375,44343.558594
1778987598.076101,104.000000,10872.484375,44343.558594
1778987599.076374,103.000000,10872.484375,44343.558594
1778987600.078421,104.000000,10872.484375,44343.558594
1778987601.073658,104.000000,10872.484375,44343.558594
1778987602.072109,103.000000,10872.484375,44343.558594
1778987603.073932,103.000000,10872.484375,44343.558594
1778987604.073641,104.000000,10872.484375,44343.558594
1778987604.828538,105.300000,9157.621094,42628.683594
