1778987442.278710,0.000000,9157.589844,42628.683594
1778987442.325935,90.500000,9157.593750,42628.699219
1778987443.314482,102.000000,10872.464844,44343.558594
1778987444.315656,104.000000,10872.464844,44343.558594
1778987445.315240,103.000000,10872.464844,44343.558594
1778987446.316660,104.000000,10872.464844,44343.558594
1778987447.316011,104.000000,10872.464844,44343.558594
1778987448.320038,103.000000,10872.464844,44343.558594
1778987449.319777,105.000000,10872.464844,44343.558594
1778987450.316011,104.000000,10872.464844,44343.558594
1778987451.312902,103.000000,10872.464844,44343.558594
1778987452.311444,103.000000,10872.464844,44343.558594
1778987453.314840,104.000000,10872.464844,44343.558594
1778987454.314358,103.000000,10872.464844,44343.558594
1778987455.315090,103.000000,10872.464844,44343.558594
1778987456.316296,104.000000,10872.464844,44343.558594
1778987457.318307,104.000000,10872.464844,44343.558594
1778987458.314618,103.000000,10872.464844,44343.558594
1778987459.314740,104.000000,10872.464844,44343.558594
1778987460.316667,103.000000,10872.464844,44343.558594
1778987461.315832,104.000000,10872.464844,44343.558594
1778987462.315236,103.000000,10872.464844,44343.558594
1778987463.314412,104.000000,10872.464844,44343.558594
1778987464.314887,103.000000,10872.464844,44343.558594
1778987465.317266,103.000000,10872.464844,44343.558594
1778987466.318652,104.000000,10872.464844,44343.558594
1778987467.315761,104.000000,10872.464844,44343.558594
1778987468.313046,104.000000,10872.464844,44343.558594
1778987469.314602,103.000000,10872.464844,44343.558594
1778987470.314218,104.000000,10872.464844,44343.558594
1778987471.314103,104.000000,10872.464844,44343.558594
1778987472.317231,103.000000,10872.464844,44343.558594
1778987473.314537,103.000000,10872.464844,44343.558594
1778987474.313609,104.000000,10872.464844,44343.558594
1778987475.317613,104.000000,10872.464844,44343.558594
1778987476.315228,104.000000,10872.464844,44343.558594
1778987477.320853,102.000000,10872.464844,44343.558594
1778987478.314987,105.000000,10872.464844,44343.558594
1778987479.314497,103.000000,10872.464844,44343.558594
1778987480.315070,104.000000,10872.464844,44343.558594
1778987481.316826,103.000000,10872.464844,44343.558594
1778987482.319023,104.000000,10872.464844,44343.558594
1778987483.313947,104.000000,10872.464844,44343.558594
1778987484.320027,103.000000,10872.464844,44343.558594
1778987485.315843,104.000000,10872.464844,44343.558594
1778987486.319773,104.000000,10872.464844,44343.558594
1778987487.315420,103.000000,10872.464844,44343.558594
1778987488.314619,105.000000,10872.464844,44343.558594
1778987489.315280,103.000000,10872.464844,44343.558594
1778987490.314171,103.000000,10872.464844,44343.558594
1778987491.315930,104.000000,10872.464844,44343.558594
1778987492.315212,103.000000,10872.464844,44343.558594
1778987493.316408,103.000000,10872.464844,44343.558594
1778987494.316058,104.000000,10872.464844,44343.558594
1778987495.319566,103.000000,10872.464844,44343.558594
1778987496.315888,104.000000,10872.464844,44343.558594
1778987496.590392,116.700000,9157.601562,42628.683594
