1778984615.512200,0.000000,77368.675781,88832.464844
1778984615.555000,96.500000,77368.679688,88832.480469
1778984616.556553,104.000000,78305.414062,89158.921875
1778984617.550703,103.000000,76916.195312,87940.257812
1778984618.549977,105.000000,77032.910156,87811.347656
1778984619.549606,103.000000,77912.023438,87812.699219
1778984620.555446,103.000000,78832.980469,88176.703125
1778984621.556633,104.000000,79814.449219,88615.550781
1778984622.554787,101.000000,78602.468750,87551.074219
1778984623.553768,104.000000,78350.414062,87487.367188
1778984624.554281,104.000000,75101.601562,84045.328125
1778984625.555040,105.000000,75140.128906,84305.152344
1778984626.552755,103.000000,74934.550781,84241.468750
1778984627.556224,104.000000,75693.097656,84561.585938
1778984628.553732,105.000000,76388.980469,85843.363281
1778984629.553176,104.000000,77342.054688,86484.011719
1778984630.554334,104.000000,78559.648438,87444.281250
1778984631.554477,104.000000,78753.023438,87635.363281
1778984632.553637,104.000000,79598.777344,88276.382812
1778984633.553311,105.000000,77298.156250,86410.320312
1778984634.552626,103.000000,76135.199219,85465.113281
1778984635.554454,104.000000,74714.210938,84839.890625
1778984636.552483,104.000000,74187.023438,84262.312500
1778984637.554867,105.000000,73725.644531,83493.664062
1778984638.552358,103.000000,74479.425781,84798.046875
1778984639.553534,104.000000,75371.125000,85621.792969
1778984640.555187,105.000000,76390.761719,86133.234375
1778984641.553801,104.000000,77255.824219,86644.976562
1778984642.553862,104.000000,78068.285156,89068.550781
1778984643.010605,109.700000,77296.941406,88293.023438
