1778987222.950686,0.000000,40960.621094,76650.851562
1778987222.999363,82.400000,40960.625000,76650.867188
1778987223.992343,103.000000,42675.492188,78365.726562
1778987224.990394,102.000000,42675.492188,78365.726562
1778987225.990808,105.000000,42675.492188,78365.726562
1778987226.992276,94.000000,42675.492188,78365.726562
1778987227.992153,96.000000,42675.492188,78365.726562
1778987228.992507,104.000000,42675.492188,78365.726562
1778987229.992469,104.000000,42675.492188,78365.726562
1778987230.987764,103.000000,42675.492188,78365.726562
1778987231.989028,105.000000,42675.492188,78365.726562
1778987232.989197,103.000000,42675.492188,78365.726562
1778987233.989418,103.000000,14631.953125,51043.664062
1778987234.987689,104.000000,10872.429688,44343.558594
1778987235.992848,104.000000,10872.429688,44343.558594
1778987236.990422,104.000000,10872.429688,44343.558594
1778987237.985669,104.000000,10872.429688,44343.558594
1778987238.990325,103.000000,10872.429688,44343.558594
1778987239.986398,103.000000,10872.429688,44343.558594
1778987240.987066,105.000000,10872.429688,44343.558594
1778987241.991534,103.000000,10872.429688,44343.558594
1778987242.986809,104.000000,10872.429688,44343.558594
1778987243.988482,103.000000,10872.429688,44343.558594
1778987244.991469,103.000000,10872.429688,44343.558594
1778987245.986541,105.000000,10872.429688,44343.558594
1778987246.990681,104.000000,10872.429688,44343.558594
1778987247.986413,103.000000,10872.429688,44343.558594
1778987248.985436,104.000000,10872.429688,44343.558594
1778987249.986431,102.000000,10872.429688,44343.558594
1778987250.986537,104.000000,10872.429688,44343.558594
1778987251.990551,104.000000,10872.429688,44343.558594
1778987252.987842,104.000000,10872.429688,44343.558594
1778987253.989134,103.000000,10872.429688,44343.558594
1778987254.990835,104.000000,10872.429688,44343.558594
1778987255.988779,104.000000,10872.429688,44343.558594
1778987256.990522,104.000000,10872.429688,44343.558594
1778987257.985173,104.000000,10872.429688,44343.558594
1778987258.986511,103.000000,10872.429688,44343.558594
1778987259.986093,103.000000,10872.429688,44343.558594
1778987260.984466,104.000000,10872.429688,44343.558594
1778987261.986365,103.000000,10872.429688,44343.558594
1778987262.987872,104.000000,10872.429688,44343.558594
1778987263.985510,103.000000,10872.429688,44343.558594
1778987264.991099,104.000000,10872.429688,44343.558594
1778987265.987675,103.000000,10872.429688,44343.558594
1778987266.990201,103.000000,10872.429688,44343.558594
1778987267.987422,104.000000,10872.429688,44343.558594
1778987268.986473,104.000000,10872.429688,44343.558594
1778987269.986592,104.000000,10872.429688,44343.558594
1778987270.988169,103.000000,10872.429688,44343.558594
1778987271.987161,103.000000,10872.429688,44343.558594
1778987272.987690,104.000000,10872.429688,44343.558594
1778987273.991532,104.000000,10872.429688,44343.558594
1778987274.988757,103.000000,10872.429688,44343.558594
1778987275.986544,104.000000,10872.429688,44343.558594
1778987276.987169,103.000000,10872.429688,44343.558594
1778987278.031830,104.400000,9157.570312,42628.699219
1778987278.066102,81.500000,9157.566406,42628.683594
