1778987055.427564,0.000000,106699.941406,141019.203125
1778987055.484346,107.900000,106699.945312,141019.218750
1778987056.467934,101.000000,108414.808594,142734.078125
1778987057.467314,98.000000,108414.808594,142734.078125
1778987058.469159,99.000000,108414.808594,142734.078125
1778987059.472693,105.000000,108414.808594,142734.078125
1778987060.471405,104.000000,108414.808594,142734.078125
1778987061.472218,105.000000,108414.808594,142734.078125
1778987062.468454,104.000000,108414.808594,142734.078125
1778987063.466667,104.000000,108414.808594,142734.078125
1778987064.465198,104.000000,108414.808594,142734.078125
1778987065.465310,103.000000,108414.808594,142734.078125
1778987066.463809,104.000000,108414.808594,142734.078125
1778987067.471856,103.000000,108414.808594,142734.078125
1778987068.464136,104.000000,108414.808594,142734.078125
1778987069.463641,104.000000,108414.808594,142734.078125
1778987070.464008,103.000000,108414.808594,142734.078125
1778987071.463934,104.000000,108414.812500,142734.078125
1778987072.468181,104.000000,108414.812500,142734.078125
1778987073.466096,103.000000,108414.812500,142734.078125
1778987074.464204,104.000000,108414.812500,142734.078125
1778987075.463825,104.000000,108414.812500,142734.078125
1778987076.466846,103.000000,108414.812500,142734.078125
1778987077.465466,104.000000,108414.812500,142734.078125
1778987078.463589,104.000000,108414.812500,142734.078125
1778987079.468356,104.000000,108414.812500,142734.078125
1778987080.466657,103.000000,108414.812500,142734.078125
1778987081.465767,104.000000,108414.812500,142734.078125
1778987082.465063,104.000000,108414.812500,142734.078125
1778987083.469534,103.000000,108414.816406,142734.078125
1778987084.464523,104.000000,108414.820312,142734.078125
1778987085.464631,103.000000,108414.820312,142734.078125
1778987086.464830,104.000000,108414.820312,142734.078125
1778987087.464085,104.000000,108414.820312,142734.078125
1778987088.468431,103.000000,108414.820312,142734.078125
1778987089.464071,104.000000,108414.820312,142734.078125
1778987090.465325,103.000000,108414.820312,142734.078125
1778987091.465209,105.000000,108414.820312,142734.078125
1778987092.470476,103.000000,108414.820312,142734.078125
1778987093.466956,104.000000,108414.820312,142734.078125
1778987094.463407,104.000000,108414.820312,142734.078125
1778987095.468721,103.000000,108414.820312,142734.078125
1778987096.463905,104.000000,108414.824219,142734.078125
1778987097.463546,104.000000,108414.824219,142734.078125
1778987098.467702,103.000000,108414.824219,142734.078125
1778987099.464068,104.000000,108414.824219,142734.078125
1778987100.465100,103.000000,108414.824219,142734.078125
1778987101.468958,104.000000,108414.824219,142734.078125
1778987102.461802,104.000000,108414.824219,142734.078125
1778987103.467496,103.000000,108414.824219,142734.078125
1778987104.463434,104.000000,108414.828125,142734.078125
1778987105.463494,104.000000,108414.828125,142734.078125
1778987106.465149,103.000000,108414.828125,142734.078125
1778987107.466763,104.000000,108414.828125,142734.078125
1778987108.463083,104.000000,108414.828125,142734.078125
1778987109.463136,103.000000,108414.828125,142734.078125
1778987110.465051,103.000000,108414.828125,142734.078125
1778987110.833548,111.100000,106699.964844,141019.203125
