1778986999.588827,0.000000,104391.203125,141019.203125
1778986999.644889,79.600000,104391.207031,141019.218750
1778987000.632495,102.000000,106194.074219,142734.078125
1778987001.631281,95.000000,106238.074219,142734.078125
1778987002.632515,103.000000,106370.074219,142734.078125
1778987003.629653,105.000000,106546.074219,142734.078125
1778987004.632872,103.000000,106634.074219,142734.078125
1778987005.629798,105.000000,106766.074219,142734.078125
1778987006.630719,104.000000,106854.074219,142734.078125
1778987007.624955,104.000000,106986.074219,142734.078125
1778987008.625062,104.000000,107118.074219,142734.078125
1778987009.628916,103.000000,107250.074219,142734.078125
1778987010.625862,103.000000,107338.074219,142734.078125
1778987011.626035,104.000000,107470.074219,142734.078125
1778987012.631507,104.000000,107572.074219,142734.078125
1778987013.626179,104.000000,107690.074219,142734.078125
1778987014.624918,104.000000,107822.074219,142734.078125
1778987015.625849,102.000000,107954.074219,142734.078125
1778987016.631787,104.000000,108042.074219,142734.078125
1778987017.626770,104.000000,108174.074219,142734.078125
1778987018.631880,104.000000,108277.054688,142734.078125
1778987019.630709,104.000000,108394.074219,142734.078125
1778987020.624861,104.000000,108414.785156,142734.078125
1778987021.629801,103.000000,108414.785156,142734.078125
1778987022.625462,104.000000,108414.785156,142734.078125
1778987023.624102,103.000000,108414.785156,142734.078125
1778987024.624990,105.000000,108414.785156,142734.078125
1778987025.625672,103.000000,108414.785156,142734.078125
1778987026.629136,103.000000,108414.785156,142734.078125
1778987027.629078,104.000000,108414.785156,142734.078125
1778987028.627125,105.000000,108414.785156,142734.078125
1778987029.623485,103.000000,108414.785156,142734.078125
1778987030.624823,103.000000,108414.785156,142734.078125
1778987031.628984,103.000000,108414.785156,142734.078125
1778987032.625412,104.000000,108414.785156,142734.078125
1778987033.626208,104.000000,108414.785156,142734.078125
1778987034.626197,104.000000,108414.785156,142734.078125
1778987035.626698,103.000000,108414.785156,142734.078125
1778987036.628636,104.000000,108414.785156,142734.078125
1778987037.625600,104.000000,108414.789062,142734.078125
1778987038.627915,103.000000,108414.792969,142734.078125
1778987039.624725,104.000000,108414.792969,142734.078125
1778987040.624720,104.000000,108414.792969,142734.078125
1778987041.625035,103.000000,108414.796875,142734.078125
1778987042.624966,103.000000,108414.796875,142734.078125
1778987043.624744,103.000000,108414.796875,142734.078125
1778987044.625038,104.000000,108414.800781,142734.078125
1778987045.625530,104.000000,108414.800781,142734.078125
1778987046.624937,104.000000,108414.800781,142734.078125
1778987047.630029,103.000000,108414.800781,142734.078125
1778987048.626677,104.000000,108414.804688,142734.078125
1778987049.626105,103.000000,108414.804688,142734.078125
1778987050.625462,104.000000,108414.804688,142734.078125
1778987051.625220,104.000000,108414.804688,142734.078125
1778987052.628670,103.000000,108414.804688,142734.078125
1778987053.626073,104.000000,108414.804688,142734.078125
1778987054.625637,104.000000,108414.804688,142734.078125
1778987055.056957,106.800000,106699.941406,141019.203125
